%YAML:1.0
R: !!opencv-matrix
   rows: 3
   cols: 3
   dt: d
   data: [ 9.9996721972047586e-001, -6.4938892444545565e-003,
       4.8362058457216972e-003, 6.3794867413358557e-003,
       9.9970800984786390e-001, 2.3306591233819125e-002,
       -4.9861441433792630e-003, -2.3274974726172570e-002,
       9.9971666682019333e-001 ]
T: !!opencv-matrix
   rows: 3
   cols: 1
   dt: d
   data: [ -5.9229941076360603e+001, 6.9545849549808303e-001,
       -1.5114374899518950e+000 ]
Rl: !!opencv-matrix
   rows: 3
   cols: 3
   dt: d
   data: [ 9.9937088177393929e-001, -1.8818643034853019e-002,
       3.0061592384730836e-002, 1.8468036911189478e-002,
       9.9975865151193422e-001, 1.1898333483548481e-002,
       -3.0278247555396456e-002, -1.1335669427323896e-002,
       9.9947722851679255e-001 ]
Rr: !!opencv-matrix
   rows: 3
   cols: 3
   dt: d
   data: [ 9.9960571234950857e-001, -1.1737041640908450e-002,
       2.5508071109967102e-002, 1.2032652359621721e-002,
       9.9986185802265803e-001, -1.1466479349406368e-002,
       -2.5369964828987176e-002, 1.1768888010235021e-002,
       9.9960885258163790e-001 ]
Pl: !!opencv-matrix
   rows: 3
   cols: 4
   dt: d
   data: [ 5.1102284609729571e+002, 0., 3.2735445022583008e+002, 0., 0.,
       5.1102284609729571e+002, 1.9923588752746582e+002, 0., 0., 0., 1.,
       0. ]
Pr: !!opencv-matrix
   rows: 3
   cols: 4
   dt: d
   data: [ 5.1102284609729571e+002, 0., 3.2735445022583008e+002,
       -3.0279792011066336e+004, 0., 5.1102284609729571e+002,
       1.9923588752746582e+002, 0., 0., 0., 1., 0. ]
Q: !!opencv-matrix
   rows: 4
   cols: 4
   dt: d
   data: [ 1., 0., 0., -3.2735445022583008e+002, 0., 1., 0.,
       -1.9923588752746582e+002, 0., 0., 0., 5.1102284609729571e+002, 0.,
       0., 1.6876696045683950e-002, 0. ]
validROIL: [ 35, 23, 597, 423 ]
validROIR: [ 37, 14, 583, 411 ]
