%YAML:1.0
cameraMatrixL: !!opencv-matrix
   rows: 3
   cols: 3
   dt: d
   data: [ 6.2640645931867300e+002, 0., 3.3101127469024567e+002, 0.,
       6.2549938129936811e+002, 2.1214021914688664e+002, 0., 0., 1. ]
cameraDistcoeffL: !!opencv-matrix
   rows: 5
   cols: 1
   dt: d
   data: [ -4.4753126213869776e-001, 2.6133304297943183e-001,
       4.7846044261451833e-004, 1.9505949676663545e-003,
       -9.0066266358338407e-002 ]
cameraMatrixR: !!opencv-matrix
   rows: 3
   cols: 3
   dt: d
   data: [ 6.4172113993447658e+002, 0., 3.3264717442767312e+002, 0.,
       6.4105683230277555e+002, 2.1303704697658929e+002, 0., 0., 1. ]
cameraDistcoeffR: !!opencv-matrix
   rows: 5
   cols: 1
   dt: d
   data: [ -4.7707057140611719e-001, 3.8599941395540449e-001,
       -2.7800442878259946e-005, 1.2579824083145596e-003,
       -3.1713948840924111e-001 ]
